temps,S,E,I,R
0.0,0.999,0.0,0.001,0.0
0.1,0.9989503946258042,4.878781006474194e-05,0.0009866314513590773,1.4186112772014621e-05
0.2,0.9989014187263285,9.536110538911353e-05,0.0009750300426817722,2.8190125600557173e-05
0.30000000000000004,0.9988529863253165,0.00013987698666617263,0.0009651000497950861,4.2036638222227145e-05
0.4,0.9988050160897926,0.00018248284479480372,0.0009567521429143492,5.574892249823033e-05
0.5,0.9987574310189968,0.00022331698474204994,0.0009499029850469114,6.93490112141455e-05
0.6000000000000001,0.9987101581529307,0.0002625092096910328,0.0009444748560736977,8.285778130447118e-05
0.7000000000000001,0.9986631282992521,0.0003001813680167357,0.0009403953008726452,9.62950318584428e-05
0.8,0.9986162757773379,0.00033644786546846217,0.0009375967999526378,0.00010967955724090051
0.9,0.9985695381784098,0.00037141614478493096,0.0009360164611644464,0.0001230292156407289
1.0,0.9985228561406886,0.00040518713482503237,0.0009355957311467853,0.000136360993339491
1.1,0.9984761731386107,0.0004378556711635935,0.0009362801252513318,0.00014969106497424934
1.2000000000000002,0.9984294352852014,0.00046951088997647156,0.0009380189747707894,0.0001630348500511304
1.3,0.9983825911467584,0.000500236596922348,0.0009407651903691716,0.00017640706594986206
1.4000000000000001,0.9983355915690526,0.0005301116126192018,0.0009444750406837736,0.00018982177764423352
1.5,0.9982883895143055,0.0005592100962111024,0.0009491079451340839,0.0002032924443491194
1.6,0.9982409399082488,0.0005876018484252219,0.0009546262800344681,0.00021683196329131687
1.7000000000000002,0.9981931994966164,0.0006153525954293913,0.0009609951971650978,0.00023045271078890657
1.8,0.9981451267104615,0.0006425242547167177,0.0009681824540095495,0.000244166580812109
1.9000000000000001,0.9980966815397289,0.0006691751841653538,0.0009761582549180087,0.0002579850211876194
2.0,0.9980478254145513,0.0006953604153481386,0.0009848951025022872,0.0002719190675981157
2.1,0.9979985210937695,0.0007211318720981524,0.0009943676586131255,0.00028597937551900213
2.2,0.9979487325602107,0.0007465385752719756,0.001004552614291679,0.0003001762502254336
2.3000000000000003,0.9978984249222873,0.0007716268345922987,0.0010154285681258789,0.000314519674994224
2.4000000000000004,0.9978475643215085,0.0007964404283952539,0.0010269759124786628,0.0003290193376173371
2.5,0.9977961178455192,0.0008210207720551593,0.00103917672708907,0.0003436846553362595
2.6,0.997744053446311,0.0008454070758100686,0.001052014679579017,0.0003585247982996273
2.7,0.997691339863266,0.0008696364926653759,0.0010654749324283622,0.00037354871163999083
2.8000000000000003,0.9976379465507219,0.0008937442570095323,0.0010795440560087694,0.0003887651362595318
2.9000000000000004,0.9975838436097624,0.0009177638145355066,0.001094209947292986,0.00040418262840885956
3.0,0.9975290017239576,0.0009417269440237769,0.0011094617538806102,0.00041980957813769185
3.1,0.9974733920987969,0.0009656638715072227,0.0011252898030043072,0.00043565422669124276
3.2,0.9974169864045712,0.0009896033773051217,0.0011416855352018715,0.00045172468292147347
3.3000000000000003,0.9973597567224797,0.0010135728963824237,0.0011586414423595964,0.00046802893877799566
3.4000000000000004,0.9973016754937477,0.0010375986124614087,0.0011761510098512002,0.0004845748839393268
3.5,0.9972427154715585,0.001061705546285641,0.0011942086625141503,0.0005013703196413685
3.6,0.9971828496756109,0.0010859176384106631,0.0012128097142216955,0.0005184229717563959
3.7,0.9971220513491308,0.001110257826872032,0.0012319503208243405,0.0005357405031724885
3.8000000000000003,0.9970602939181715,0.0011347481200589856,0.0012516274362489317,0.0005533305255201948
3.9000000000000004,0.9969975509530512,0.0011594096651011306,0.0012718387715570454,0.0005712006102902774
4.0,0.996933796131783,0.0011842628120559775,0.0012925827567770271,0.0005893582993836377
4.1000000000000005,0.996869003205365,0.0012093271741668416,0.0013138585053358827,0.0006078111151319368
4.2,0.9968031459648028,0.0012346216844434735,0.001335665780928321,0.0006265665698250198
4.3,0.9967361982097482,0.0012601646488017352,0.0013580049666706345,0.0006456321747789891
4.4,0.9966681337186425,0.0012859737959836032,0.0013808770363968421,0.0006650154489766605
4.5,0.9965989262202611,0.0013120663244647068,0.0014042835279636167,0.0006847239273101543
4.6000000000000005,0.9965285493665635,0.0013384589465434383,0.0014282265184390626,0.0007047651684535209
4.7,0.9964569767067563,0.0013651679297933255,0.0014527086010583854,0.000725146762391567
4.800000000000001,0.9963841816624843,0.0013922091360488145,0.0014777328638369803,0.0007458763376294227
4.9,0.9963101375040714,0.0014195980580837886,0.0015033028697384661,0.0007669615681058734
5.0,0.9962348173277337,0.0014473498541320228,0.0015294226383017503,0.0007884101798320523
5.1000000000000005,0.9961581940336971,0.0014754793803892904,0.0015560966286373463,0.0008102299572757643
5.2,0.9960802403051522,0.0015040012216279602,0.001583329723708918,0.0008324287495104594
5.300000000000001,0.9960009285879848,0.0015329297200466043,0.0016111272158214048,0.0008550144761467122
5.4,0.9959202310712251,0.0015622790024693513,0.0016394947932421226,0.0008779951330629684
5.5,0.9958381196681598,0.001592063006002432,0.001668438527885955,0.0009013787979513008
5.6000000000000005,0.9957545659980579,0.0016222955022485305,0.001697964864000166,0.0009251736356929569
5.7,0.9956695413684603,0.0016529901201731664,0.001728080607788507,0.0009493879035775897
5.800000000000001,0.9955830167579909,0.0016841603677113402,0.0017587929179181574,0.0009740299563792219
5.9,0.9954949627996447,0.0017158196521970706,0.001790109296856674,0.0009991082513012121
6.0,0.9954053497645151,0.0017479812996931971,0.0018220375829895111,0.0010246313528017577
6.1000000000000005,0.9953141475459231,0.0017806585732939061,0.0018545859434718624,0.0010506079373107814
6.2,0.9952213256439119,0.0018138646904678284,0.0018877628677715422,0.0010770467978484103
6.300000000000001,0.9951268531500773,0.0018476128395052444,0.0019215771618624209,0.001103956848554649
6.4,0.9950306987327009,0.0018819161951288896,0.00195603794303053,0.0011313471291392926
6.5,0.9949328306221575,0.0019167879333240674,0.0019911546352574016,0.0011592268092605964
6.6000000000000005,0.9948332165965712,0.001952241245440231,0.002026936965147491,0.0011876051928407258
6.7,0.9947318239676926,0.001988289351612873,0.0020633949583686697,0.0012164917223255536
6.800000000000001,0.9946286195669755,0.0020249455135514472,0.002100538936576786,0.0012458959828959375
6.9,0.9945235697318291,0.002062223046736138,0.002138379514797163,0.0012758277066372092
7.0,0.9944166402920251,0.0021001353320635476,0.0021769275992376547,0.0013062967766732329
7.1000000000000005,0.9943077965562402,0.0021386958269788226,0.0022161943855095387,0.001337313231271031
7.2,0.9941970032987146,0.002177918076129338,0.0022561913572340412,0.0013688872679216556
7.300000000000001,0.9940842247460104,0.0022178157215728047,0.0022969302850137517,0.001401029247402665
7.4,0.9939694245638523,0.0022584025125705585,0.0023384232257495125,0.0014337496978272884
7.5,0.9938525658440351,0.0022996923149948213,0.0023806825222846403,0.00146705931868508
7.6000000000000005,0.9937336110913847,0.0023416991203768574,0.0024237208033595138,0.0015009689848786223
7.7,0.9936125222107572,0.0023844370546212213,0.002467550983860658,0.0015354897507605962
7.800000000000001,0.9934892604940653,0.0024279203864096604,0.002512186265349496,0.0015706328541753166
7.9,0.9933637866073175,0.002472163535316703,0.0025576401368568977,0.0016064097205086296
8.0,0.9932360605776618,0.0025171810796575348,0.0026039263759305613,0.001642831966749868
8.1,0.9931060417804198,0.0025629877640874128,0.002651059049923098,0.00167991140556939
8.200000000000001,0.9929736889261046,0.00260959850697061,0.002699052517509494,0.0017176600494150486
8.3,0.9928389600474099,0.002657028407535687,0.002747921430423339,0.0017560901146307908
8.4,0.9927018124861646,0.002705292752832784,0.002797680735401919,0.0017952140256004303
8.5,0.9925622028802418,0.002754407024507565,0.0028483456763309005,0.001835044418919504
8.6,0.9924200871504163,0.0028043869054054796,0.002899931796579934,0.001875594147597995
8.700000000000001,0.992275420487163,0.0028552482860190595,0.0029524549415210696,0.0019168762852965796
8.8,0.9921281573373882,0.0029070072707901196,0.0030059312612223956,0.001958904130598946
8.9,0.9919782513910894,0.0029596801842778943,0.0030603772133097947,0.0020016912113226286
9.0,0.9918256555679354,0.0030132835772033752,0.0031158095659901733,0.002045251288870696
9.1,0.9916703220037638,0.0030678342323793946,0.003172245401229932,0.00208959836262655
9.200000000000001,0.9915122020369875,0.003123349170535301,0.003229702118082844,0.002134746674393991
9.3,0.9913512461949087,0.003179845656044436,0.0032881974361618754,0.0021807107128846382
9.4,0.9911874041799331,0.0032373412025620044,0.003347749399249808,0.0022275052182547093
9.5,0.9910206248556823,0.003295853578580354,0.003408376379043855,0.002275145186693091
9.600000000000001,0.9908508562329992,0.0033554008129081337,0.003470097079029746,0.00232364587506257
9.700000000000001,0.9906780454558433,0.003416001200079287,0.0035329305384810138,0.002373022805596033
9.8,0.9905021387870734,0.003477673305697335,0.003596896136579493,0.0024232917706493652
9.9,0.9903230815941136,0.0035404359717199512,0.0036620135966532403,0.0024744688375127584
10.0,0.9901408183345008,0.003604308321688376,0.0037283029905283197,0.002526570353282042
10.100000000000001,0.9899552925413111,0.003669309765905811,0.0037957847429910775,0.0025796129497916384
10.200000000000001,0.9897664468084627,0.003735460006568519,0.0038644796363577153,0.0026336135486106716
10.3,0.9895742227758948,0.003802779042852983,0.003934408815148132,0.0026885893661037293
10.4,0.9893785611146186,0.0038712871759621023,0.0040055937908611465,0.002744557918557723
10.5,0.989179401511642,0.003941005014133071,0.004078056446848364,0.0028015370273762608
10.600000000000001,0.9889766826547635,0.00401195347760922,0.0041518190432840415,0.002859544824342905
10.700000000000001,0.9887703422172387,0.004084153803577819,0.004226904222228444,0.002918599756954644
10.8,0.9885603168423149,0.0041576275510754835,0.004303335012782265,0.002978720593826881
10.9,0.9883465421276361,0.004232396605862569,0.0043811348363297625,0.0030399264301712047
11.0,0.9881289526095165,0.004308483185267616,0.004460327511868359,0.0031022366933471683
11.100000000000001,0.9879074817470852,0.004385909843002656,0.00454093726142249,0.0031656711484892813
11.200000000000001,0.9876820619062998,0.004464699473949888,0.00462298871553955,0.003230249904210378
11.3,0.9874526243438313,0.004544875318919993,0.004706506918865848,0.0032959934183825006
11.4,0.9872190991908206,0.004626460969382092,0.004791517335800468,0.003362922503996401
11.5,0.9869814154365087,0.0047094803721650785,0.004878045856225017,0.0034310583351007443
11.600000000000001,0.9867395009117405,0.004793957834129853,0.004966118801307216,0.003500422452822054
11.700000000000001,0.9864932822723451,0.004879918026811689,0.005055762929376307,0.0035710367714664225
11.8,0.9862426849823955,0.004967385991031775,0.005147005441868266,0.003642923584703972
11.9,0.9859876332973471,0.005056387141476697,0.00523987398933878,0.003716105571837031
12.0,0.9857280502470602,0.005146947271244423,0.005334396677541954,0.0037906058041529507
12.100000000000001,0.9854638576187094,0.0052390925563551025,0.005430602073572668,0.0038664477513624643
12.200000000000001,0.9851949759395798,0.005332849560224767,0.005528519212070491,0.003943655288124465
12.3,0.9849213244597587,0.005428245238099809,0.005628177601483026,0.004022252700658034
12.4,0.9846428211347207,0.0055253069414498415,0.00572960723038648,0.004102264693442534
12.5,0.9843593826078153,0.005624062422316377,0.005832838573861259,0.004183716396006548
12.600000000000001,0.9840709241926583,0.005724539837614472,0.005937902599920278,0.004266633369806402
12.700000000000001,0.9837773598554325,0.005826767753384308,0.006044830775987636,0.004351041615194984
12.8,0.9834786021971031,0.005930775148989414,0.00615365507542524,0.004436967578481545
12.9,0.9831745624355533,0.006036591421258019,0.0062644079841048545,0.004524438159083112
13.0,0.9828651503876444,0.0061442463885637965,0.006377122507023015,0.0046134807167681315
13.100000000000001,0.9825502744512083,0.006253770294842012,0.006491832174956103,0.004704123078992901
13.200000000000001,0.9822298415869783,0.0063651938135368576,0.006608571051152816,0.0047963935483313165
13.3,0.9819037573004642,0.006478548051475516,0.006727373738061155,0.004890320909998438
13.4,0.9815719256237798,0.006593864552664263,0.0068482753840869255,0.0049859344394683
13.5,0.9812342490974306,0.006711175302001641,0.006971311690380659,0.005083263910186388
13.600000000000001,0.980890628752069,0.00683051272890353,0.007096518917649704,0.005182339601377118
13.700000000000001,0.980540964090226,0.006951909710834649,0.007223933892992143,0.005283192305946646
13.8,0.9801851530680283,0.007075399576740798,0.007353594016749016,0.005385853338481268
13.9,0.9798230920769108,0.007201016110375855,0.007485537269371226,0.005490354543341595
14.0,0.9794546759253321,0.007328793553517313,0.007619802218297316,0.005596728302852699
14.100000000000001,0.9790797978205071,0.007458766609063835,0.0077564280248381785,0.005705007545590296
14.200000000000001,0.9786983493501638,0.007590970444008072,0.00789545445106458,0.005815225754763031
14.3,0.9783102204643377,0.007725440692277661,0.008036921866693206,0.005927416976690838
14.4,0.9779152994572162,0.007862213457437078,0.008180871255966787,0.0060416158293793
14.5,0.9775134729490432,0.00800132531524271,0.008327344224523633,0.006157857511189864
14.600000000000001,0.9771046258680988,0.008142813316043222,0.00847638300625175,0.0062761778096057
14.700000000000001,0.976688641432767,0.008286714987016965,0.008628030470122504,0.006396613110092923
14.8,0.9762654011337061,0.008433068334237948,0.008782330126998583,0.006519200405056816
14.9,0.9758347847161345,0.00858191184456146,0.008939326136410807,0.006643977302892631
15.0,0.9753966701622506,0.008733284487320235,0.009099063313298097,0.00677098203713045
15.100000000000001,0.9749509336737995,0.00888722571582165,0.009261587134704714,0.006900253475673521
15.200000000000001,0.9744974496548052,0.009043775468636134,0.009426943746428619,0.007031831130129374
15.3,0.9740360906944852,0.009202974170666666,0.009595179969614561,0.007165755165232965
15.4,0.9735667275503642,0.009364862733988856,0.009766343307285284,0.007302066408360975
15.5,0.9730892291316083,0.009529482558450778,0.00994048195080393,0.007440806359136312
15.600000000000001,0.9726034624825958,0.009696875532021369,0.010117644786260493,0.0075820171991217555
15.700000000000001,0.9721092927667471,0.009867084030875868,0.010297881400774894,0.007725741801601577
15.8,0.9716065832506342,0.01004015091920636,0.010481242088708953,0.00787202374144988
15.9,0.9710951952883907,0.010216119548745186,0.01066777785777924,0.008020907305084257
16.0,0.9705749883064451,0.010395033757988552,0.010857540435062518,0.008172437500503294
16.1,0.9700458197886007,0.010576937871107316,0.01105058227288516,0.00832666006740627
16.2,0.969507545261487,0.010761876696531555,0.011246956554587597,0.00848362148739333
16.3,0.9689600182804056,0.0109498955251951,0.011446717200154558,0.00864336899424427
16.400000000000002,0.9684030904155982,0.011141040128425865,0.01164991887170152,0.008805950584273888
16.5,0.9678366112389629,0.011335356755467376,0.01185661697880743,0.008971415026761794
16.6,0.9672604283112453,0.011532892130616505,0.012066867683683435,0.009139811874454375
16.7,0.9666743871697341,0.011733693449962033,0.012280727906167,0.009311191474136473
16.8,0.9660783313164908,0.011937808377708211,0.012498255328530397,0.009485604977270193
16.900000000000002,0.9654721022071422,0.01214528504206714,0.0127195084000922,0.009663104350698084
17.0,0.9648555392402685,0.012356172030703303,0.012944546341620056,0.009843742387407779
17.1,0.9642284797474188,0.012570518385713228,0.013173429149512566,0.010027572717355021
17.2,0.9635907589837872,0.012788373598122803,0.013406217599747737,0.010214649818341796
17.3,0.9629422101195839,0.013009787601884367,0.013642973251585073,0.010405029026946141
17.400000000000002,0.9622826642321364,0.013234810767355247,0.013883758451007918,0.010598766549500002
17.5,0.9616119502987569,0.013463493894239044,0.014128636333892289,0.010795919473111322
17.6,0.9609298951904148,0.013695888203970491,0.014377670828887953,0.010996545776726322
17.7,0.9602363236662503,0.013932045331524333,0.014630926659997122,0.011200704342227774
17.8,0.9595310583689709,0.014172017316628219,0.014888469348835628,0.011408454965564814
17.900000000000002,0.9588139198211696,0.014415856594359237,0.015150365216561051,0.011619858367909639
18.0,0.9580847264226083,0.014663615985103247,0.015416681385451754,0.011834976206836224
18.1,0.9573432944485074,0.014915348683855805,0.015687485780120355,0.012053871087515936
18.2,0.9565894380488871,0.015171108248843062,0.015962847128344674,0.012276606573924697
18.3,0.9558229692490041,0.015430948589440602,0.016242834961498684,0.01250324720005612
18.400000000000002,0.9550436979509314,0.01569492395336784,0.016527519614565566,0.01273385848113476
18.5,0.9542514319363266,0.015963088913135158,0.01681697222571443,0.012968506924823386
18.6,0.9534459768704392,0.01623549835172067,0.017111264735421763,0.013207260042417911
18.7,0.9526271363074049,0.01651220744745305,0.017410469885118195,0.013450186360023337
18.8,0.9517947116968785,0.016793271658076616,0.017714661215340644,0.013697355429703796
18.900000000000002,0.9509485023920562,0.017078746703974433,0.01802391306336937,0.0139488378405995
19.0,0.9500883056591425,0.01736868855052496,0.018338300560329,0.01420470523000308
19.1,0.9492139166883126,0.017663153389567393,0.018657899627732007,0.014465030294387534
19.200000000000003,0.9483251286062285,0.017962197619950663,0.01898278697344269,0.014729886800377658
19.3,0.9474217324901633,0.01826587782714066,0.01931304008703905,0.014999349595656564
19.400000000000002,0.9465035173837912,0.01857425076186017,0.01964873723454959,0.015273494619798513
19.5,0.9455702703147034,0.01888737331773563,0.019989957452541413,0.015552398915019002
19.6,0.9446217763137065,0.019205302507924755,0.02033678054153551,0.015836140636832682
19.700000000000003,0.9436578184359665,0.019528095440698855,0.020689287058724675,0.016124799064609358
19.8,0.9426781777840592,0.01985580929395349,0.02104755830996885,0.016418454612017942
19.900000000000002,0.9416826335329882,0.020188501288621128,0.021411676341042265,0.016717188837347897
20.0,0.9406709629572366,0.020526228660959277,0.021781723928106206,0.017021084453697346
20.1,0.9396429414599146,0.02086904863368761,0.02215778456738074,0.01733022533901659
20.200000000000003,0.9385983426040683,0.02121701838594755,0.02253994246398822,0.017644696545995486
20.3,0.9375369381462181,0.021570195022057894,0.02292828251994092,0.017964584311782675
20.400000000000002,0.9364584980721906,0.021928635539040106,0.023322890321244624,0.018289976067524277
20.5,0.9353627906353137,0.022292396792887012,0.02372385212408958,0.018620960447709303
20.6,0.9342495823970424,0.022661535463548918,0.024131254840099748,0.01895762729930853
20.700000000000003,0.9331186382700841,0.023036108018611313,0.024545186020610805,0.019300067690693326
20.8,0.9319697215640936,0.023416170675638667,0.024965733839946946,0.019648373920320303
20.900000000000002,0.9308025940340068,0.02380177936315915,0.025392987077666154,0.020002639525167416
21.0,0.9296170159310841,0.02419298968026558,0.025827035099743136,0.020362959288906593
21.1,0.9284127460567347,0.02458985685480828,0.026267967838658826,0.02072942924979756
21.200000000000003,0.9271895418191911,0.024992435700156163,0.026715875772364943,0.021102146708287136
21.3,0.9259471592931069,0.02540078057050296,0.0271708499020918,0.021481210234297724
21.400000000000002,0.9246853532821476,0.025814945314696136,0.027632981728967245,0.021866719674188406
21.5,0.9234038773846467,0.026234983228566905,0.028102363229414343,0.022258776157371436
21.6,0.922102484062397,0.0266609470057405,0.028579086829295167,0.02265748210256662
21.700000000000003,0.920780924712649,0.027092888686906888,0.029063245376767848,0.0230629412236755
21.8,0.9194389497433855,0.027530859607533077,0.029554932113823876,0.02347525853525683
21.900000000000002,0.9180763086519431,0.027974910343999276,0.030054240646472486,0.023894540357584385
22.0,0.9166927501070503,0.028425090658142412,0.030561264913538878,0.024320894321267637
22.1,0.915288022034349,0.02888144944019181,0.031076099154042976,0.0247544293714154
22.200000000000003,0.9138618717054685,0.029344034650083214,0.03159883787312541,0.025195255771322034
22.3,0.9124140458307175,0.029812893257138894,0.032129575806487426,0.025643485105655357
22.400000000000002,0.9109442906554595,0.030288071178103164,0.0326684078833116,0.026099230283124955
22.5,0.9094523520602354,0.03076961321352445,0.03321542918763024,0.026562605538609067
22.6,0.9079379756646959,0.03125756298247678,0.033770734918108745,0.027033726434717808
22.700000000000003,0.9064009069354023,0.0317519628556157,0.03433442034621125,0.027512709862770008
22.8,0.9048408912975568,0.03225285388656555,0.03490658077271643,0.027999674043160474
22.900000000000002,0.9032576742507162,0.03276027574163749,0.03548731148255153,0.028494738525094078
23.0,0.9016510014885437,0.03327426662787975,0.03607670769791328,0.028998024185662555
23.1,0.9000206190226505,0.03379486321946428,0.03667486452964495,0.029509653228239553
23.200000000000003,0.8983662733105747,0.03432210058241654,0.03728187692683908,0.030029749180168944
23.3,0.8966877113879436,0.034856012097697946,0.03789783962463673,0.030558436889721072
23.400000000000002,0.8949846810048607,0.03539662938265336,0.03852284709019409,0.03109584252229116
23.5,0.8932569307665575,0.03594398221083912,0.03915699346678896,0.0316420935558137
23.6,0.8915042102783428,0.0364980984302503,0.039800372516039975,0.03219731877536625
23.700000000000003,0.8897262702948816,0.03705900387996917,0.0404530775582127,0.03276164826693585
23.8,0.8879228628738302,0.03762672230526051,0.041115201410588074,0.03333521341032054
23.900000000000002,0.8860937415338482,0.03820127527114288,0.04178683632386953,0.033918146871138616
24.0,0.884238661417006,0.03878268207446879,0.042468073916606924,0.034510582591917575
24.1,0.8823573794555974,0.039370959654550904,0.04315900510761648,0.035112655782234485
24.200000000000003,0.880449654543367,0.03996612250237516,0.0438597200463778,0.0357245029078794
24.3,0.8785152477111494,0.0405681825684463,0.044570308041390665,0.03634626167901296
24.400000000000002,0.8765539223069186,0.041177149169315454,0.04529085748647596,0.036978071037289235
24.5,0.8745654441802331,0.041793028892844225,0.04602145578500732,0.03762007114191466
24.6,0.8725495818710595,0.042415825502264276,0.04676218927206188,0.038272403354613634
24.700000000000003,0.8705061068029506,0.04304553983909637,0.04751314313448089,0.038935210223471406
24.8,0.8684347934805436,0.04368216972499786,0.04827440132883319,0.039608635465624514
24.900000000000002,0.8663354196913402,0.044325709862612764,0.04904604649727707,0.04029282394876922
25.0,0.8642077667117187,0.04497615173550376,0.04982815988131859,0.04098792167145815
25.1,0.8620516195171254,0.045633483507251146,0.050620821233467235,0.04169407574215545
25.200000000000003,0.8598667669963768,0.04629768991980906,0.05142410872679259,0.042411434357020834
25.3,0.8576530021700024,0.046968752191215137,0.05223809886238887,0.04314014677639284
25.400000000000002,0.8554101224125444,0.04764664791275561,0.05306286637475724,0.043880363299941945
25.5,0.8531379296787224,0.04833135094569361,0.053898484135119135,0.044632235240464134
25.6,0.8508362307333611,0.04902283131767464,0.05474502305267748,0.04539591489628597
25.700000000000003,0.8485048373849717,0.04972105511892915,0.055602551973846046,0.04617155552225232
25.8,0.8461435667228613,0.05042598439839843,0.05647113757947129,0.046959311299268225
25.900000000000002,0.8437522413576414,0.05113757705991624,0.05735084428007465,0.04775933730236695
26.0,0.8413306896649901,0.051855786758584994,0.05824173410914759,0.04857178946727645
26.1,0.8388787460325147,0.05258056279749154,0.05914386661453582,0.04939682455545719
26.200000000000003,0.8363962511095469,0.053311850024914204,0.06005729874795351,0.050234600117584655
26.3,0.8338830520596968,0.05404958873217888,0.06098208475267291,0.051085274455450636
26.400000000000002,0.8313390028159731,0.0547937145523287,0.06191827604943947,0.05194900658225804
26.5,0.8287639643382696,0.05554415835977784,0.06286592112066726,0.052825956181284606
26.6,0.8261578048730058,0.05630084617112685,0.06382506539297474,0.05371628356289193
26.700000000000003,0.823520400214694,0.05706369904732267,0.06479575111812574,0.05462014961985696
26.8,0.820851633969196,0.05783263299735321,0.06577801725244603,0.05553771578100411
26.900000000000002,0.818151397818419,0.058607558883672216,0.06677189933479094,0.05646914396311732
27.0,0.8154195917861854,0.05938838232955631,0.06777742936314544,0.05741459652111226
27.1,0.8126561245050039,0.0601750036286019,0.06879463566994323,0.05837423619645038
27.200000000000003,0.809860913483449,0.060967317656575426,0.06982354279619743,0.05934822606377752
27.3,0.8070338853738507,0.06176521378583599,0.07086417136454132,0.0603367294757714
27.400000000000002,0.804174976239978,0.06256857580255458,0.07191653795128325,0.06133991000618356
27.5,0.8012841318243908,0.06337728182695936,0.07298065495758624,0.06235793139106297
27.6,0.7983613078151195,0.06419120423684116,0.07405653047988858,0.0633909574681502
27.700000000000003,0.7954064701113208,0.06501020959455796,0.07514416817968811,0.06443915211443252
27.8,0.7924195950875468,0.06583415857778115,0.07624356715281898,0.06550267918185246
27.900000000000002,0.7894006698562491,0.0666629059142303,0.07735472179835606,0.06658170243116385
28.0,0.7863496925281325,0.06749630032064675,0.0784776216872884,0.06767638546393166
28.1,0.783266672469957,0.06833418444625894,0.07961225143110953,0.06878689165267389
28.200000000000003,0.7801516305593795,0.06917639482099541,0.08075859055047854,0.0699133840691458
28.3,0.7770045994364141,0.07002276180870332,0.08191661334411258,0.07105602541076932
28.400000000000002,0.7738256237510778,0.07087310956563173,0.08308628875807726,0.07221497792521252
28.5,0.7706147604067844,0.07172725600444037,0.08426758025564794,0.07339040333312653
28.6,0.7673720787990338,0.07258501276399451,0.085460445687921,0.07458246274905
28.700000000000003,0.7640976610489386,0.07344618518520699,0.08666483716536028,0.07579131660049342
28.8,0.7607916022311235,0.07431057229318713,0.08788070093046997,0.07701712454521865
28.900000000000002,0.7574540105955214,0.07517796678595536,0.08910797723179081,0.0782600453867317
29.0,0.7540850077825878,0.07604815502997957,0.09034660019942256,0.07952023698800938
29.1,0.7506847290314475,0.07692091706278713,0.09159649772228096,0.08079785618348377
29.200000000000003,0.7472533233804829,0.07779602660290208,0.09285759132730306,0.08209305868931127
29.3,0.7437909538598705,0.0786732510673532,0.09412979606081967,0.08340599901195594
29.400000000000002,0.740297797675567,0.07955235159699318,0.09541302037231876,0.08473683035512036
29.5,0.7367740463842478,0.08043308308986295,0.09670716600082847,0.08608570452506004
29.6,0.733219906058697,0.08131519424282878,0.09801212786415243,0.08745277183432099
29.700000000000003,0.7296355974431499,0.08219842760171144,0.09932779395119455,0.08883818100394336
29.8,0.7260213560980895,0.08308251962011841,0.10065404521761394,0.09024207906417733
29.900000000000002,0.7223774325340034,0.08396720072718063,0.1019907554850542,0.09166461125376095
30.0,0.7187040923336074,0.08485219540438436,0.10333779134419421,0.09310592091781324
30.1,0.7150016162620516,0.08573722227167797,0.10469501206187043,0.09456614940439922
30.200000000000003,0.7112703003646291,0.0866219941830205,0.10606226949252232,0.09604543595982726
30.3,0.7075104560515154,0.08750621833152607,0.1074394079942152,0.09754391762274248
30.400000000000002,0.7037224101690762,0.08838959636434382,0.10882626434949508,0.09906172911708398
30.5,0.6999065050572929,0.08927182450739775,0.1102226676913315,0.10059900274397694
30.6,0.6960630985928653,0.0901525937000951,0.11162843943440438,0.10215586827263429
30.700000000000003,0.6921925642175675,0.0910315897400947,0.11304339321199039,0.10373245283034653
30.8,0.6882952909514445,0.09190849343820909,0.11446733481870384,0.10532888079164171
30.900000000000002,0.6843716833904576,0.09278298078349494,0.11590006215934531,0.1069452736667012
31.0,0.6804221616882019,0.09365472311856743,0.11734136520410919,0.10858174998912053
31.1,0.6764471615213392,0.0945233873251532,0.11879102595039871,0.11023842520310798
31.200000000000003,0.6724471340384127,0.09538863601987548,0.12024881839149344,0.11191541155021749
31.3,0.6684225457917304,0.09625012776024301,0.12171450849231043,0.11361281795571522
31.400000000000002,0.664373878652029,0.09710751726079178,0.12318785417249511,0.11533074991468323
31.5,0.6603016297056548,0.09796045561930473,0.1246686052970731,0.1170693093779665
31.6,0.6562063111340274,0.09880859055301133,0.12615650367488737,0.11882859463807303
31.700000000000003,0.6520884500751768,0.09965156664464365,0.12765128306503884,0.1206087002151398
31.8,0.6479485884671772,0.10048902559820089,0.12915266919154073,0.12240971674308027
31.900000000000002,0.6437872828733295,0.1013206065042486,0.1306603797663885,0.12423173085603247
32.0,0.6396051042889787,0.10214594611455317,0.13217412452123853,0.12607482507522877
32.1,0.635402637929883,0.10296467912582573,0.13369360524787852,0.12793907769641186
32.2,0.6311804830020901,0.1037764384723232,0.13521851584766253,0.12982456267792333
32.300000000000004,0.6269392524533052,0.10458085562702792,0.13674854239007186,0.13173134952959417
32.4,0.622679572705779,0.10537756091110055,0.1382833631805514,0.13365950320256811
32.5,0.6184020833707755,0.10616618381127407,0.1398226488377582,0.13560908398019134
32.6,0.6141074369447193,0.10694635330483085,0.14136606238034571,0.13758014737010327
32.7,0.6097962984871625,0.10771769819177783,0.14291325932339327,0.1395727439976654
32.800000000000004,0.605469345280748,0.1084798474338097,0.14446388778457514,0.14158691950086613
32.9,0.6011272664733857,0.10923243049962358,0.1460175886001488,0.14362271442684096
33.0,0.5967707627029005,0.10997507771612451,0.14757399545082575,0.14568016413014817
33.1,0.5924005457044499,0.11070742062503608,0.1491327349975716,0.14775929867294135
33.2,0.5880173379010467,0.11142909234440726,0.150693427027365,0.14986014272717996
33.300000000000004,0.5836218719775682,0.11213972793448332,0.1522556846089276,0.15198271547901984
33.4,0.5792148904386671,0.112838964767387,0.15381911425841907,0.1541270305355257
33.5,0.5747971451510451,0.11352644290003513,0.15538331611507192,0.15629309583384682
33.6,0.570369396870583,0.11420180544969596,0.15694788412672298,0.15848091355299704
33.7,0.5659324147548672,0.11486469897157411,0.15851240624517818,0.16069048002837943
33.800000000000004,0.5614869758616838,0.11551477383779259,0.16007646463132782,0.1629217856691947
33.9,0.5570338646340928,0.11615168461712563,0.1616396358699096,0.16517481487887095
34.0,0.5525738723727296,0.11677509045482161,0.1632014911937966,0.1674495459786511
34.1,0.5481077966960173,0.11738465545184251,0.1647615967176669,0.16974595113447222
34.2,0.5436364409890039,0.11798004904283563,0.1663195136808911,0.17206399628726834
34.300000000000004,0.5391606138415755,0.11856094637214322,0.1678747986994534,0.17440364108682682
34.4,0.5346811284768239,0.11912702866714896,0.16942700402670197,0.1767648388293242
34.5,0.5301988021703766,0.11967798360825374,0.17097567782270306,0.17914753639866557
34.6,0.5257144556615276,0.12021350569477023,0.1725203644319538,0.18155167421174737
34.7,0.5212289125570279,0.12073329660602321,0.17406060466918793,0.18397718616776004
34.800000000000004,0.5167429987284227,0.1212370655569436,0.17559593611298963,0.1864239996016432
34.9,0.512257541703842,0.12172452964744593,0.17712589340691,0.18889203524180115
35.0,0.507773370055169,0.12219541420488383,0.17865000856776317,0.19138120717218313
35.1,0.5032913127815297,0.12264945311888449,0.1801678113007585,0.19389142279882643
35.2,0.4988121986900614,0.1230863891678716,0.18167882932110926,0.19642258282095693
35.300000000000004,0.494336855774928,0.1235059743365975,0.18318258868173856,0.1989745812067351
35.4,0.4898661105955622,0.1239079701240178,0.18467861410668815,0.201547305173731
35.5,0.4854007876551191,0.12429214784085689,0.18616642932981814,0.204140635174205
35.6,0.48094170878013204,0.12465828889623004,0.18764555743837133,0.2067544448852658
35.7,0.47648969250236145,0.12500618507270683,0.18911552122096026,0.20938860120397065
35.800000000000004,0.4720455534438288,0.12533563878922177,0.19057584351952211,0.21204296424742647
35.9,0.46761010170602124,0.12564646335126117,0.19202604758477324,0.2147173873579435
36.0,0.4631841422642482,0.12593848318778034,0.19346565743468347,0.21741171711328713
36.1,0.4587684743681216,0.12621153407433203,0.19489419821547965,0.22012579334206586
36.2,0.4543638909491194,0.12646546334191555,0.19631119656467771,0.22285944914428654
36.300000000000004,0.4499711780361777,0.12670013007108608,0.1977161809756344,0.22561251091710105
36.4,0.4455911141802407,0.12691540527089581,0.1991086821631019,0.22838479838576076
36.5,0.44122446988867686,0.12711117204227143,0.20048823342926275,0.23117612463978818
36.6,0.43687200707044843,0.127287325725467,0.2018543710297166,0.23398629617436723
36.7,0.432534478492898,0.12744377403126758,0.20320663453888738,0.2368151129369463
36.800000000000004,0.42821262725098713,0.12758043715565504,0.20454456721431624,0.2396623683790408
36.9,0.423907186249795,0.127697247877686,0.2058677163593045,0.2425278495132137
37.0,0.41961887770105294,0.12779415164037017,0.20717563368337072,0.2454113369752054
37.1,0.4153484126344584,0.12787110661437712,0.20846787565998734,0.2483126050911764
37.2,0.4110964904244763,0.1279280837444389,0.20974400388106493,0.251231421950019
37.300000000000004,0.4068637983333003,0.127965066778357,0.21100358540765582,0.2541675494806861
37.4,0.4026510110706053,0.12798205227856238,0.21224619311635382,0.2571207435344777
37.5,0.39845879037068777,0.12797904961621817,0.21347140604087372,0.2600907539722196
37.6,0.3942877845875433,0.12795608094789548,0.2146788097083014,0.2630773247562591
37.7,0.3901386283083936,0.12791318117489353,0.21586799646951416,0.266080194047198
37.800000000000004,0.38601194198612826,0.12785039788531535,0.21703856582328193,0.26909909430527373
37.9,0.3819083315910846,0.12776779127905033,0.21819012473357005,0.2721337523962942
38.0,0.3778283882825423,0.12766543407585443,0.21932228793957767,0.2751838897020249
38.1,0.3737726881002645,0.12754341140675685,0.22043467825805899,0.27824922223491894
38.2,0.3697417916763721,0.12740182068906042,0.22152692687748954,0.28132946075707715
38.300000000000004,0.36573624396778953,0.12724077148523896,0.22259867364365474,0.284424310903316
38.400000000000006,0.3617565740094554,0.12706038534607123,0.22364956733625527,0.2875334733082174
38.5,0.3578032946884453,0.12686079563838457,0.2246792659361409,0.2906566437370285
38.6,0.35387690253910714,0.1266421473578155,0.2256874368828032,0.2937935132202734
38.7,0.3499778775592635,0.12640459692702505,0.22667375732177633,0.29694376819193435
38.800000000000004,0.3461066830474916,0.1261483119798374,0.22763791434161554,0.30010709063105473
38.900000000000006,0.3422637654614454,0.12587347113179853,0.22857960520014348,0.3032831582066119
39.0,0.3384495542971414,0.1255802637376785,0.22949853753967558,0.3064716444255038
39.1,0.3346644619890873,0.1252688896364653,0.23039442959095796,0.3096722187834888
39.2,0.33090888383108885,0.12493955888442233,0.23126701036557304,0.31288454691891504
39.300000000000004,0.32718319791753336,0.12459249147680172,0.2321160198365916,0.3161082907690726
39.400000000000006,0.32348776510490423,0.12422791705882527,0.23294120910727237,0.3193431087289974
39.5,0.3198229289932476,0.12384607462656226,0.2337423405676338,0.32258865581255564
39.6,0.3161890159272724,0.123447212218348,0.2345191880387466,0.3258445838156323
39.7,0.31258633501673194,0.12303158659740045,0.23527153690461888,0.329110541481248
39.800000000000004,0.3090151781757015,0.12259946292630333,0.23599918423156938,0.3323861746664251
39.900000000000006,0.3054758201803349,0.12215111443403277,0.23670193887500862,0.33567112651062303
40.0,0.30196851874465364,0.12168682207621183,0.2373796215735712,0.3389650376055627
40.1,0.2984935146138936,0.12120687418928189,0.2380320650305654,0.34226754616625843
40.2,0.29505103167491,0.12071156613928283,0.2386591139827308,0.34557828820307573
40.300000000000004,0.2916412770831148,0.12020119996593474,0.23926062525631642,0.34889689769463333
40.400000000000006,0.2882644414054022,0.11967608402271279,0.23983646781051576,0.3522230067613686
40.5,0.2849206987784933,0.11913653261360384,0.24038652276831632,0.3555562458395859
40.6,0.28161020708211815,0.11858286562722857,0.2409106834348441,0.35889624385580854
40.7,0.27833310812643275,0.11801540816900627,0.24140885530330422,0.3622426284012561
40.800000000000004,0.27508952785305735,0.11743449019203062,0.24188095604864027,0.3655950259062711
40.900000000000006,0.2718795765491093,0.1168404461273153,0.24232691550905444,0.36895306181452026
41.0,0.2687033490735937,0.11623361451405607,0.24274667565555083,0.37231636075679864
41.1,0.265560925095507,0.11561433763054302,0.24314019054968294,0.3756845467242663
41.2,0.26245236934300203,0.11498296112634186,0.24350742628970418,0.3790572432409512
41.300000000000004,0.2593777318629598,0.11433983365634741,0.24384836094533832,0.38243407353535375
41.400000000000006,0.2563370482903085,0.11368530651729476,0.24416298448140275,0.38581466071099324
41.5,0.2533303401264319,0.11301973328729568,0.2444512986705336,0.3891986279157381
41.6,0.25035761502600806,0.11234346946894783,0.2447133169952765,0.39258559850976693
41.7,0.24741886709162336,0.11165687213654427,0.24494906453982085,0.39597519623201083
41.800000000000004,0.2445140771755099,0.1109602995878892,0.24515857787166892,0.3993670453649313
41.900000000000006,0.24164321318776036,0.11025411100120366,0.24534190491354257,0.40276077089749274
42.0,0.23880623041038132,0.10953866609758231,0.2454991048058427,0.406155998686193
42.1,0.236003071816555,0.10881432480943869,0.2456302477599863,0.40955235561401937
42.2,0.23323366839448803,0.10808144695535267,0.24573541490295558,0.41294946974720304
42.300000000000004,0.23049793947523792,0.10734039192170934,0.24581469811340234,0.4163469704896497
42.400000000000006,0.22779579306391903,0.10659151835149389,0.2458681998496581,0.41974448873492826
42.5,0.22512712617370387,0.10583518384058216,0.24589603297000753,0.4231416570157057
42.6,0.22249182516204857,0.10507174464184175,0.2458983205455881,0.42653810965052086
42.7,0.21988976606858748,0.104301555377333,0.24587519566628416,0.42993348288779465
42.800000000000004,0.2173208149541567,0.10352496875887462,0.245826801239987,0.43332741504698097
42.900000000000006,0.21478482824042347,0.10274233531721354,0.24575328978559619,0.4367195466567661
43.0,0.2122816530496152,0.10195400314001368,0.24565482322013935,0.4401095205902311
43.1,0.20981112754385975,0.10116031761885422,0.2455315726403885,0.44349698219689687
43.2,0.20737308126366696,0.1003616212054033,0.24538371809935258,0.44688157943157647
43.300000000000004,0.20496733546509963,0.09955825317690961,0.24521144837802464,0.45026296297996543
43.400000000000006,0.20259370345520158,0.0987505494111308,0.24501496075276133,0.4536407863809056
43.5,0.20025199092526982,0.09793884217079482,0.24479446075867087,0.4570147061452638
43.6,0.19794199628157633,0.09712345989766807,0.24455016194938278,0.4603843818713721
43.7,0.19566351097316592,0.09630472701628238,0.2442822856535696,0.4637494763569814
43.800000000000004,0.19341631981637536,0.0954829637473519,0.2439910607285868,0.4671096557076852
43.900000000000006,0.19120020131573884,0.09465848593089053,0.24367672331159293,0.470464589441777
44.0,0.18901492798096473,0.09383160485902084,0.24333951656850633,0.4738139505915074
44.1,0.1868602666396879,0.09300262711844659,0.24297969044115003,0.47715741580071475
44.2,0.18473597874572129,0.09217185444254276,0.24259750139292885,0.48049466541880637
