temps,S,E,I,R
0.0000000000,0.9990000000,0.0000000000,0.0010000000,0.0000000000
0.1000000000,0.9989503946,0.0000487878,0.0009866315,0.0000141861
0.2000000000,0.9989014187,0.0000953611,0.0009750300,0.0000281901
0.3000000000,0.9988529863,0.0001398770,0.0009651000,0.0000420366
0.4000000000,0.9988050161,0.0001824828,0.0009567521,0.0000557489
0.5000000000,0.9987574310,0.0002233170,0.0009499030,0.0000693490
0.6000000000,0.9987101582,0.0002625092,0.0009444749,0.0000828578
0.7000000000,0.9986631283,0.0003001814,0.0009403953,0.0000962950
0.8000000000,0.9986162758,0.0003364479,0.0009375968,0.0001096796
0.9000000000,0.9985695382,0.0003714161,0.0009360165,0.0001230292
1.0000000000,0.9985228561,0.0004051871,0.0009355957,0.0001363610
1.1000000000,0.9984761731,0.0004378557,0.0009362801,0.0001496911
1.2000000000,0.9984294353,0.0004695109,0.0009380190,0.0001630349
1.3000000000,0.9983825911,0.0005002366,0.0009407652,0.0001764071
1.4000000000,0.9983355916,0.0005301116,0.0009444750,0.0001898218
1.5000000000,0.9982883895,0.0005592101,0.0009491079,0.0002032924
1.6000000000,0.9982409399,0.0005876018,0.0009546263,0.0002168320
1.7000000000,0.9981931995,0.0006153526,0.0009609952,0.0002304527
1.8000000000,0.9981451267,0.0006425243,0.0009681825,0.0002441666
1.9000000000,0.9980966815,0.0006691752,0.0009761583,0.0002579850
2.0000000000,0.9980478254,0.0006953604,0.0009848951,0.0002719191
2.1000000000,0.9979985211,0.0007211319,0.0009943677,0.0002859794
2.2000000000,0.9979487326,0.0007465386,0.0010045526,0.0003001763
2.3000000000,0.9978984249,0.0007716268,0.0010154286,0.0003145197
2.4000000000,0.9978475643,0.0007964404,0.0010269759,0.0003290193
2.5000000000,0.9977961178,0.0008210208,0.0010391767,0.0003436847
2.6000000000,0.9977440534,0.0008454071,0.0010520147,0.0003585248
2.7000000000,0.9976913399,0.0008696365,0.0010654749,0.0003735487
2.8000000000,0.9976379466,0.0008937443,0.0010795441,0.0003887651
2.9000000000,0.9975838436,0.0009177638,0.0010942099,0.0004041826
3.0000000000,0.9975290017,0.0009417269,0.0011094618,0.0004198096
3.1000000000,0.9974733921,0.0009656639,0.0011252898,0.0004356542
3.2000000000,0.9974169864,0.0009896034,0.0011416855,0.0004517247
3.3000000000,0.9973597567,0.0010135729,0.0011586414,0.0004680289
3.4000000000,0.9973016755,0.0010375986,0.0011761510,0.0004845749
3.5000000000,0.9972427155,0.0010617055,0.0011942087,0.0005013703
3.6000000000,0.9971828497,0.0010859176,0.0012128097,0.0005184230
3.7000000000,0.9971220513,0.0011102578,0.0012319503,0.0005357405
3.8000000000,0.9970602939,0.0011347481,0.0012516274,0.0005533305
3.9000000000,0.9969975510,0.0011594097,0.0012718388,0.0005712006
4.0000000000,0.9969337961,0.0011842628,0.0012925828,0.0005893583
4.1000000000,0.9968690032,0.0012093272,0.0013138585,0.0006078111
4.2000000000,0.9968031460,0.0012346217,0.0013356658,0.0006265666
4.3000000000,0.9967361982,0.0012601646,0.0013580050,0.0006456322
4.4000000000,0.9966681337,0.0012859738,0.0013808770,0.0006650154
4.5000000000,0.9965989262,0.0013120663,0.0014042835,0.0006847239
4.6000000000,0.9965285494,0.0013384589,0.0014282265,0.0007047652
4.7000000000,0.9964569767,0.0013651679,0.0014527086,0.0007251468
4.8000000000,0.9963841817,0.0013922091,0.0014777329,0.0007458763
4.9000000000,0.9963101375,0.0014195981,0.0015033029,0.0007669616
5.0000000000,0.9962348173,0.0014473499,0.0015294226,0.0007884102
5.1000000000,0.9961581940,0.0014754794,0.0015560966,0.0008102300
5.2000000000,0.9960802403,0.0015040012,0.0015833297,0.0008324287
5.3000000000,0.9960009286,0.0015329297,0.0016111272,0.0008550145
5.4000000000,0.9959202311,0.0015622790,0.0016394948,0.0008779951
5.5000000000,0.9958381197,0.0015920630,0.0016684385,0.0009013788
5.6000000000,0.9957545660,0.0016222955,0.0016979649,0.0009251736
5.7000000000,0.9956695414,0.0016529901,0.0017280806,0.0009493879
5.8000000000,0.9955830168,0.0016841604,0.0017587929,0.0009740300
5.9000000000,0.9954949628,0.0017158197,0.0017901093,0.0009991083
6.0000000000,0.9954053498,0.0017479813,0.0018220376,0.0010246314
6.1000000000,0.9953141475,0.0017806586,0.0018545859,0.0010506079
6.2000000000,0.9952213256,0.0018138647,0.0018877629,0.0010770468
6.3000000000,0.9951268532,0.0018476128,0.0019215772,0.0011039568
6.4000000000,0.9950306987,0.0018819162,0.0019560379,0.0011313471
6.5000000000,0.9949328306,0.0019167879,0.0019911546,0.0011592268
6.6000000000,0.9948332166,0.0019522412,0.0020269370,0.0011876052
6.7000000000,0.9947318240,0.0019882894,0.0020633950,0.0012164917
6.8000000000,0.9946286196,0.0020249455,0.0021005389,0.0012458960
6.9000000000,0.9945235697,0.0020622230,0.0021383795,0.0012758277
7.0000000000,0.9944166403,0.0021001353,0.0021769276,0.0013062968
7.1000000000,0.9943077966,0.0021386958,0.0022161944,0.0013373132
7.2000000000,0.9941970033,0.0021779181,0.0022561914,0.0013688873
7.3000000000,0.9940842247,0.0022178157,0.0022969303,0.0014010292
7.4000000000,0.9939694246,0.0022584025,0.0023384232,0.0014337497
7.5000000000,0.9938525658,0.0022996923,0.0023806825,0.0014670593
7.6000000000,0.9937336111,0.0023416991,0.0024237208,0.0015009690
7.7000000000,0.9936125222,0.0023844371,0.0024675510,0.0015354898
7.8000000000,0.9934892605,0.0024279204,0.0025121863,0.0015706329
7.9000000000,0.9933637866,0.0024721635,0.0025576401,0.0016064097
8.0000000000,0.9932360606,0.0025171811,0.0026039264,0.0016428320
8.1000000000,0.9931060418,0.0025629878,0.0026510590,0.0016799114
8.2000000000,0.9929736889,0.0026095985,0.0026990525,0.0017176600
8.3000000000,0.9928389600,0.0026570284,0.0027479214,0.0017560901
8.4000000000,0.9927018125,0.0027052928,0.0027976807,0.0017952140
8.5000000000,0.9925622029,0.0027544070,0.0028483457,0.0018350444
8.6000000000,0.9924200872,0.0028043869,0.0028999318,0.0018755941
8.7000000000,0.9922754205,0.0028552483,0.0029524549,0.0019168763
8.8000000000,0.9921281573,0.0029070073,0.0030059313,0.0019589041
8.9000000000,0.9919782514,0.0029596802,0.0030603772,0.0020016912
9.0000000000,0.9918256556,0.0030132836,0.0031158096,0.0020452513
9.1000000000,0.9916703220,0.0030678342,0.0031722454,0.0020895984
9.2000000000,0.9915122020,0.0031233492,0.0032297021,0.0021347467
9.3000000000,0.9913512462,0.0031798457,0.0032881974,0.0021807107
9.4000000000,0.9911874042,0.0032373412,0.0033477494,0.0022275052
9.5000000000,0.9910206249,0.0032958536,0.0034083764,0.0022751452
9.6000000000,0.9908508562,0.0033554008,0.0034700971,0.0023236459
9.7000000000,0.9906780455,0.0034160012,0.0035329305,0.0023730228
9.8000000000,0.9905021388,0.0034776733,0.0035968961,0.0024232918
9.9000000000,0.9903230816,0.0035404360,0.0036620136,0.0024744688
10.0000000000,0.9901408183,0.0036043083,0.0037283030,0.0025265704
10.1000000000,0.9899552925,0.0036693098,0.0037957847,0.0025796129
10.2000000000,0.9897664468,0.0037354600,0.0038644796,0.0026336135
10.3000000000,0.9895742228,0.0038027790,0.0039344088,0.0026885894
10.4000000000,0.9893785611,0.0038712872,0.0040055938,0.0027445579
10.5000000000,0.9891794015,0.0039410050,0.0040780564,0.0028015370
10.6000000000,0.9889766827,0.0040119535,0.0041518190,0.0028595448
10.7000000000,0.9887703422,0.0040841538,0.0042269042,0.0029185998
10.8000000000,0.9885603168,0.0041576276,0.0043033350,0.0029787206
10.9000000000,0.9883465421,0.0042323966,0.0043811348,0.0030399264
11.0000000000,0.9881289526,0.0043084832,0.0044603275,0.0031022367
11.1000000000,0.9879074817,0.0043859098,0.0045409373,0.0031656711
11.2000000000,0.9876820619,0.0044646995,0.0046229887,0.0032302499
11.3000000000,0.9874526243,0.0045448753,0.0047065069,0.0032959934
11.4000000000,0.9872190992,0.0046264610,0.0047915173,0.0033629225
11.5000000000,0.9869814154,0.0047094804,0.0048780459,0.0034310583
11.6000000000,0.9867395009,0.0047939578,0.0049661188,0.0035004225
11.7000000000,0.9864932823,0.0048799180,0.0050557629,0.0035710368
11.8000000000,0.9862426850,0.0049673860,0.0051470054,0.0036429236
11.9000000000,0.9859876333,0.0050563871,0.0052398740,0.0037161056
12.0000000000,0.9857280502,0.0051469473,0.0053343967,0.0037906058
12.1000000000,0.9854638576,0.0052390926,0.0054306021,0.0038664478
12.2000000000,0.9851949759,0.0053328496,0.0055285192,0.0039436553
12.3000000000,0.9849213245,0.0054282452,0.0056281776,0.0040222527
12.4000000000,0.9846428211,0.0055253069,0.0057296072,0.0041022647
12.5000000000,0.9843593826,0.0056240624,0.0058328386,0.0041837164
12.6000000000,0.9840709242,0.0057245398,0.0059379026,0.0042666334
12.7000000000,0.9837773599,0.0058267678,0.0060448308,0.0043510416
12.8000000000,0.9834786022,0.0059307751,0.0061536551,0.0044369676
12.9000000000,0.9831745624,0.0060365914,0.0062644080,0.0045244382
13.0000000000,0.9828651504,0.0061442464,0.0063771225,0.0046134807
13.1000000000,0.9825502745,0.0062537703,0.0064918322,0.0047041231
13.2000000000,0.9822298416,0.0063651938,0.0066085711,0.0047963935
13.3000000000,0.9819037573,0.0064785481,0.0067273737,0.0048903209
13.4000000000,0.9815719256,0.0065938646,0.0068482754,0.0049859344
13.5000000000,0.9812342491,0.0067111753,0.0069713117,0.0050832639
13.6000000000,0.9808906288,0.0068305127,0.0070965189,0.0051823396
13.7000000000,0.9805409641,0.0069519097,0.0072239339,0.0052831923
13.8000000000,0.9801851531,0.0070753996,0.0073535940,0.0053858533
13.9000000000,0.9798230921,0.0072010161,0.0074855373,0.0054903545
14.0000000000,0.9794546759,0.0073287936,0.0076198022,0.0055967283
14.1000000000,0.9790797978,0.0074587666,0.0077564280,0.0057050075
14.2000000000,0.9786983494,0.0075909704,0.0078954545,0.0058152258
14.3000000000,0.9783102205,0.0077254407,0.0080369219,0.0059274170
14.4000000000,0.9779152995,0.0078622135,0.0081808713,0.0060416158
14.5000000000,0.9775134729,0.0080013253,0.0083273442,0.0061578575
14.6000000000,0.9771046259,0.0081428133,0.0084763830,0.0062761778
14.7000000000,0.9766886414,0.0082867150,0.0086280305,0.0063966131
14.8000000000,0.9762654011,0.0084330683,0.0087823301,0.0065192004
14.9000000000,0.9758347847,0.0085819118,0.0089393261,0.0066439773
15.0000000000,0.9753966702,0.0087332845,0.0090990633,0.0067709820
15.1000000000,0.9749509337,0.0088872257,0.0092615871,0.0069002535
15.2000000000,0.9744974497,0.0090437755,0.0094269437,0.0070318311
15.3000000000,0.9740360907,0.0092029742,0.0095951800,0.0071657552
15.4000000000,0.9735667276,0.0093648627,0.0097663433,0.0073020664
15.5000000000,0.9730892291,0.0095294826,0.0099404820,0.0074408064
15.6000000000,0.9726034625,0.0096968755,0.0101176448,0.0075820172
15.7000000000,0.9721092928,0.0098670840,0.0102978814,0.0077257418
15.8000000000,0.9716065833,0.0100401509,0.0104812421,0.0078720237
15.9000000000,0.9710951953,0.0102161195,0.0106677779,0.0080209073
16.0000000000,0.9705749883,0.0103950338,0.0108575404,0.0081724375
16.1000000000,0.9700458198,0.0105769379,0.0110505823,0.0083266601
16.2000000000,0.9695075453,0.0107618767,0.0112469566,0.0084836215
16.3000000000,0.9689600183,0.0109498955,0.0114467172,0.0086433690
16.4000000000,0.9684030904,0.0111410401,0.0116499189,0.0088059506
16.5000000000,0.9678366112,0.0113353568,0.0118566170,0.0089714150
16.6000000000,0.9672604283,0.0115328921,0.0120668677,0.0091398119
16.7000000000,0.9666743872,0.0117336934,0.0122807279,0.0093111915
16.8000000000,0.9660783313,0.0119378084,0.0124982553,0.0094856050
16.9000000000,0.9654721022,0.0121452850,0.0127195084,0.0096631044
17.0000000000,0.9648555392,0.0123561720,0.0129445463,0.0098437424
17.1000000000,0.9642284797,0.0125705184,0.0131734291,0.0100275727
17.2000000000,0.9635907590,0.0127883736,0.0134062176,0.0102146498
17.3000000000,0.9629422101,0.0130097876,0.0136429733,0.0104050290
17.4000000000,0.9622826642,0.0132348108,0.0138837585,0.0105987665
17.5000000000,0.9616119503,0.0134634939,0.0141286363,0.0107959195
17.6000000000,0.9609298952,0.0136958882,0.0143776708,0.0109965458
17.7000000000,0.9602363237,0.0139320453,0.0146309267,0.0112007043
17.8000000000,0.9595310584,0.0141720173,0.0148884693,0.0114084550
17.9000000000,0.9588139198,0.0144158566,0.0151503652,0.0116198584
18.0000000000,0.9580847264,0.0146636160,0.0154166814,0.0118349762
18.1000000000,0.9573432944,0.0149153487,0.0156874858,0.0120538711
18.2000000000,0.9565894380,0.0151711082,0.0159628471,0.0122766066
18.3000000000,0.9558229692,0.0154309486,0.0162428350,0.0125032472
18.4000000000,0.9550436980,0.0156949240,0.0165275196,0.0127338585
18.5000000000,0.9542514319,0.0159630889,0.0168169722,0.0129685069
18.6000000000,0.9534459769,0.0162354984,0.0171112647,0.0132072600
18.7000000000,0.9526271363,0.0165122074,0.0174104699,0.0134501864
18.8000000000,0.9517947117,0.0167932717,0.0177146612,0.0136973554
18.9000000000,0.9509485024,0.0170787467,0.0180239131,0.0139488378
19.0000000000,0.9500883057,0.0173686886,0.0183383006,0.0142047052
19.1000000000,0.9492139167,0.0176631534,0.0186578996,0.0144650303
19.2000000000,0.9483251286,0.0179621976,0.0189827870,0.0147298868
19.3000000000,0.9474217325,0.0182658778,0.0193130401,0.0149993496
19.4000000000,0.9465035174,0.0185742508,0.0196487372,0.0152734946
19.5000000000,0.9455702703,0.0188873733,0.0199899575,0.0155523989
19.6000000000,0.9446217763,0.0192053025,0.0203367805,0.0158361406
19.7000000000,0.9436578184,0.0195280954,0.0206892871,0.0161247991
19.8000000000,0.9426781778,0.0198558093,0.0210475583,0.0164184546
19.9000000000,0.9416826335,0.0201885013,0.0214116763,0.0167171888
20.0000000000,0.9406709630,0.0205262287,0.0217817239,0.0170210845
20.1000000000,0.9396429415,0.0208690486,0.0221577846,0.0173302253
20.2000000000,0.9385983426,0.0212170184,0.0225399425,0.0176446965
20.3000000000,0.9375369381,0.0215701950,0.0229282825,0.0179645843
20.4000000000,0.9364584981,0.0219286355,0.0233228903,0.0182899761
20.5000000000,0.9353627906,0.0222923968,0.0237238521,0.0186209604
20.6000000000,0.9342495824,0.0226615355,0.0241312548,0.0189576273
20.7000000000,0.9331186383,0.0230361080,0.0245451860,0.0193000677
20.8000000000,0.9319697216,0.0234161707,0.0249657338,0.0196483739
20.9000000000,0.9308025940,0.0238017794,0.0253929871,0.0200026395
21.0000000000,0.9296170159,0.0241929897,0.0258270351,0.0203629593
21.1000000000,0.9284127461,0.0245898569,0.0262679678,0.0207294292
21.2000000000,0.9271895418,0.0249924357,0.0267158758,0.0211021467
21.3000000000,0.9259471593,0.0254007806,0.0271708499,0.0214812102
21.4000000000,0.9246853533,0.0258149453,0.0276329817,0.0218667197
21.5000000000,0.9234038774,0.0262349832,0.0281023632,0.0222587762
21.6000000000,0.9221024841,0.0266609470,0.0285790868,0.0226574821
21.7000000000,0.9207809247,0.0270928887,0.0290632454,0.0230629412
21.8000000000,0.9194389497,0.0275308596,0.0295549321,0.0234752585
21.9000000000,0.9180763087,0.0279749103,0.0300542406,0.0238945404
22.0000000000,0.9166927501,0.0284250907,0.0305612649,0.0243208943
22.1000000000,0.9152880220,0.0288814494,0.0310760992,0.0247544294
22.2000000000,0.9138618717,0.0293440347,0.0315988379,0.0251952558
22.3000000000,0.9124140458,0.0298128933,0.0321295758,0.0256434851
22.4000000000,0.9109442907,0.0302880712,0.0326684079,0.0260992303
22.5000000000,0.9094523521,0.0307696132,0.0332154292,0.0265626055
22.6000000000,0.9079379757,0.0312575630,0.0337707349,0.0270337264
22.7000000000,0.9064009069,0.0317519629,0.0343344203,0.0275127099
22.8000000000,0.9048408913,0.0322528539,0.0349065808,0.0279996740
22.9000000000,0.9032576743,0.0327602757,0.0354873115,0.0284947385
23.0000000000,0.9016510015,0.0332742666,0.0360767077,0.0289980242
23.1000000000,0.9000206190,0.0337948632,0.0366748645,0.0295096532
23.2000000000,0.8983662733,0.0343221006,0.0372818769,0.0300297492
23.3000000000,0.8966877114,0.0348560121,0.0378978396,0.0305584369
23.4000000000,0.8949846810,0.0353966294,0.0385228471,0.0310958425
23.5000000000,0.8932569308,0.0359439822,0.0391569935,0.0316420936
23.6000000000,0.8915042103,0.0364980984,0.0398003725,0.0321973188
23.7000000000,0.8897262703,0.0370590039,0.0404530776,0.0327616483
23.8000000000,0.8879228629,0.0376267223,0.0411152014,0.0333352134
23.9000000000,0.8860937415,0.0382012753,0.0417868363,0.0339181469
24.0000000000,0.8842386614,0.0387826821,0.0424680739,0.0345105826
24.1000000000,0.8823573795,0.0393709597,0.0431590051,0.0351126558
24.2000000000,0.8804496545,0.0399661225,0.0438597200,0.0357245029
24.3000000000,0.8785152477,0.0405681826,0.0445703080,0.0363462617
24.4000000000,0.8765539223,0.0411771492,0.0452908575,0.0369780710
24.5000000000,0.8745654442,0.0417930289,0.0460214558,0.0376200711
24.6000000000,0.8725495819,0.0424158255,0.0467621893,0.0382724034
24.7000000000,0.8705061068,0.0430455398,0.0475131431,0.0389352102
24.8000000000,0.8684347935,0.0436821697,0.0482744013,0.0396086355
24.9000000000,0.8663354197,0.0443257099,0.0490460465,0.0402928239
25.0000000000,0.8642077667,0.0449761517,0.0498281599,0.0409879217
25.1000000000,0.8620516195,0.0456334835,0.0506208212,0.0416940757
25.2000000000,0.8598667670,0.0462976899,0.0514241087,0.0424114344
25.3000000000,0.8576530022,0.0469687522,0.0522380989,0.0431401468
25.4000000000,0.8554101224,0.0476466479,0.0530628664,0.0438803633
25.5000000000,0.8531379297,0.0483313509,0.0538984841,0.0446322352
25.6000000000,0.8508362307,0.0490228313,0.0547450231,0.0453959149
25.7000000000,0.8485048374,0.0497210551,0.0556025520,0.0461715555
25.8000000000,0.8461435667,0.0504259844,0.0564711376,0.0469593113
25.9000000000,0.8437522414,0.0511375771,0.0573508443,0.0477593373
26.0000000000,0.8413306897,0.0518557868,0.0582417341,0.0485717895
26.1000000000,0.8388787460,0.0525805628,0.0591438666,0.0493968246
26.2000000000,0.8363962511,0.0533118500,0.0600572987,0.0502346001
26.3000000000,0.8338830521,0.0540495887,0.0609820848,0.0510852745
26.4000000000,0.8313390028,0.0547937146,0.0619182760,0.0519490066
26.5000000000,0.8287639643,0.0555441584,0.0628659211,0.0528259562
26.6000000000,0.8261578049,0.0563008462,0.0638250654,0.0537162836
26.7000000000,0.8235204002,0.0570636990,0.0647957511,0.0546201496
26.8000000000,0.8208516340,0.0578326330,0.0657780173,0.0555377158
26.9000000000,0.8181513978,0.0586075589,0.0667718993,0.0564691440
27.0000000000,0.8154195918,0.0593883823,0.0677774294,0.0574145965
27.1000000000,0.8126561245,0.0601750036,0.0687946357,0.0583742362
27.2000000000,0.8098609135,0.0609673177,0.0698235428,0.0593482261
27.3000000000,0.8070338854,0.0617652138,0.0708641714,0.0603367295
27.4000000000,0.8041749762,0.0625685758,0.0719165380,0.0613399100
27.5000000000,0.8012841318,0.0633772818,0.0729806550,0.0623579314
27.6000000000,0.7983613078,0.0641912042,0.0740565305,0.0633909575
27.7000000000,0.7954064701,0.0650102096,0.0751441682,0.0644391521
27.8000000000,0.7924195951,0.0658341586,0.0762435672,0.0655026792
27.9000000000,0.7894006699,0.0666629059,0.0773547218,0.0665817024
28.0000000000,0.7863496925,0.0674963003,0.0784776217,0.0676763855
28.1000000000,0.7832666725,0.0683341844,0.0796122514,0.0687868917
28.2000000000,0.7801516306,0.0691763948,0.0807585906,0.0699133841
28.3000000000,0.7770045994,0.0700227618,0.0819166133,0.0710560254
28.4000000000,0.7738256238,0.0708731096,0.0830862888,0.0722149779
28.5000000000,0.7706147604,0.0717272560,0.0842675803,0.0733904033
28.6000000000,0.7673720788,0.0725850128,0.0854604457,0.0745824627
28.7000000000,0.7640976610,0.0734461852,0.0866648372,0.0757913166
28.8000000000,0.7607916022,0.0743105723,0.0878807009,0.0770171245
28.9000000000,0.7574540106,0.0751779668,0.0891079772,0.0782600454
29.0000000000,0.7540850078,0.0760481550,0.0903466002,0.0795202370
29.1000000000,0.7506847290,0.0769209171,0.0915964977,0.0807978562
29.2000000000,0.7472533234,0.0777960266,0.0928575913,0.0820930587
29.3000000000,0.7437909539,0.0786732511,0.0941297961,0.0834059990
29.4000000000,0.7402977977,0.0795523516,0.0954130204,0.0847368304
29.5000000000,0.7367740464,0.0804330831,0.0967071660,0.0860857045
29.6000000000,0.7332199061,0.0813151942,0.0980121279,0.0874527718
29.7000000000,0.7296355974,0.0821984276,0.0993277940,0.0888381810
29.8000000000,0.7260213561,0.0830825196,0.1006540452,0.0902420791
29.9000000000,0.7223774325,0.0839672007,0.1019907555,0.0916646113
30.0000000000,0.7187040923,0.0848521954,0.1033377913,0.0931059209
30.1000000000,0.7150016163,0.0857372223,0.1046950121,0.0945661494
30.2000000000,0.7112703004,0.0866219942,0.1060622695,0.0960454360
30.3000000000,0.7075104561,0.0875062183,0.1074394080,0.0975439176
30.4000000000,0.7037224102,0.0883895964,0.1088262643,0.0990617291
30.5000000000,0.6999065051,0.0892718245,0.1102226677,0.1005990027
30.6000000000,0.6960630986,0.0901525937,0.1116284394,0.1021558683
30.7000000000,0.6921925642,0.0910315897,0.1130433932,0.1037324528
30.8000000000,0.6882952910,0.0919084934,0.1144673348,0.1053288808
30.9000000000,0.6843716834,0.0927829808,0.1159000622,0.1069452737
31.0000000000,0.6804221617,0.0936547231,0.1173413652,0.1085817500
31.1000000000,0.6764471615,0.0945233873,0.1187910260,0.1102384252
31.2000000000,0.6724471340,0.0953886360,0.1202488184,0.1119154116
31.3000000000,0.6684225458,0.0962501278,0.1217145085,0.1136128180
31.4000000000,0.6643738787,0.0971075173,0.1231878542,0.1153307499
31.5000000000,0.6603016297,0.0979604556,0.1246686053,0.1170693094
31.6000000000,0.6562063111,0.0988085906,0.1261565037,0.1188285946
31.7000000000,0.6520884501,0.0996515666,0.1276512831,0.1206087002
31.8000000000,0.6479485885,0.1004890256,0.1291526692,0.1224097167
31.9000000000,0.6437872829,0.1013206065,0.1306603798,0.1242317309
32.0000000000,0.6396051043,0.1021459461,0.1321741245,0.1260748251
32.1000000000,0.6354026379,0.1029646791,0.1336936052,0.1279390777
32.2000000000,0.6311804830,0.1037764385,0.1352185158,0.1298245627
32.3000000000,0.6269392525,0.1045808556,0.1367485424,0.1317313495
32.4000000000,0.6226795727,0.1053775609,0.1382833632,0.1336595032
32.5000000000,0.6184020834,0.1061661838,0.1398226488,0.1356090840
32.6000000000,0.6141074369,0.1069463533,0.1413660624,0.1375801474
32.7000000000,0.6097962985,0.1077176982,0.1429132593,0.1395727440
32.8000000000,0.6054693453,0.1084798474,0.1444638878,0.1415869195
32.9000000000,0.6011272665,0.1092324305,0.1460175886,0.1436227144
33.0000000000,0.5967707627,0.1099750777,0.1475739955,0.1456801641
33.1000000000,0.5924005457,0.1107074206,0.1491327350,0.1477592987
33.2000000000,0.5880173379,0.1114290923,0.1506934270,0.1498601427
33.3000000000,0.5836218720,0.1121397279,0.1522556846,0.1519827155
33.4000000000,0.5792148904,0.1128389648,0.1538191143,0.1541270305
33.5000000000,0.5747971452,0.1135264429,0.1553833161,0.1562930958
33.6000000000,0.5703693969,0.1142018054,0.1569478841,0.1584809136
33.7000000000,0.5659324148,0.1148646990,0.1585124062,0.1606904800
33.8000000000,0.5614869759,0.1155147738,0.1600764646,0.1629217857
33.9000000000,0.5570338646,0.1161516846,0.1616396359,0.1651748149
34.0000000000,0.5525738724,0.1167750905,0.1632014912,0.1674495460
34.1000000000,0.5481077967,0.1173846555,0.1647615967,0.1697459511
34.2000000000,0.5436364410,0.1179800490,0.1663195137,0.1720639963
34.3000000000,0.5391606138,0.1185609464,0.1678747987,0.1744036411
34.4000000000,0.5346811285,0.1191270287,0.1694270040,0.1767648388
34.5000000000,0.5301988022,0.1196779836,0.1709756778,0.1791475364
34.6000000000,0.5257144557,0.1202135057,0.1725203644,0.1815516742
34.7000000000,0.5212289126,0.1207332966,0.1740606047,0.1839771862
34.8000000000,0.5167429987,0.1212370656,0.1755959361,0.1864239996
34.9000000000,0.5122575417,0.1217245296,0.1771258934,0.1888920352
35.0000000000,0.5077733701,0.1221954142,0.1786500086,0.1913812072
35.1000000000,0.5032913128,0.1226494531,0.1801678113,0.1938914228
35.2000000000,0.4988121987,0.1230863892,0.1816788293,0.1964225828
35.3000000000,0.4943368558,0.1235059743,0.1831825887,0.1989745812
35.4000000000,0.4898661106,0.1239079701,0.1846786141,0.2015473052
35.5000000000,0.4854007877,0.1242921478,0.1861664293,0.2041406352
35.6000000000,0.4809417088,0.1246582889,0.1876455574,0.2067544449
35.7000000000,0.4764896925,0.1250061851,0.1891155212,0.2093886012
35.8000000000,0.4720455534,0.1253356388,0.1905758435,0.2120429642
35.9000000000,0.4676101017,0.1256464634,0.1920260476,0.2147173874
36.0000000000,0.4631841423,0.1259384832,0.1934656574,0.2174117171
36.1000000000,0.4587684744,0.1262115341,0.1948941982,0.2201257933
36.2000000000,0.4543638909,0.1264654633,0.1963111966,0.2228594491
36.3000000000,0.4499711780,0.1267001301,0.1977161810,0.2256125109
36.4000000000,0.4455911142,0.1269154053,0.1991086822,0.2283847984
36.5000000000,0.4412244699,0.1271111720,0.2004882334,0.2311761246
36.6000000000,0.4368720071,0.1272873257,0.2018543710,0.2339862962
36.7000000000,0.4325344785,0.1274437740,0.2032066345,0.2368151129
36.8000000000,0.4282126273,0.1275804372,0.2045445672,0.2396623684
36.9000000000,0.4239071862,0.1276972479,0.2058677164,0.2425278495
37.0000000000,0.4196188777,0.1277941516,0.2071756337,0.2454113370
37.1000000000,0.4153484126,0.1278711066,0.2084678757,0.2483126051
37.2000000000,0.4110964904,0.1279280837,0.2097440039,0.2512314220
37.3000000000,0.4068637983,0.1279650668,0.2110035854,0.2541675495
37.4000000000,0.4026510111,0.1279820523,0.2122461931,0.2571207435
37.5000000000,0.3984587904,0.1279790496,0.2134714060,0.2600907540
37.6000000000,0.3942877846,0.1279560809,0.2146788097,0.2630773248
37.7000000000,0.3901386283,0.1279131812,0.2158679965,0.2660801940
37.8000000000,0.3860119420,0.1278503979,0.2170385658,0.2690990943
37.9000000000,0.3819083316,0.1277677913,0.2181901247,0.2721337524
38.0000000000,0.3778283883,0.1276654341,0.2193222879,0.2751838897
38.1000000000,0.3737726881,0.1275434114,0.2204346783,0.2782492222
38.2000000000,0.3697417917,0.1274018207,0.2215269269,0.2813294608
38.3000000000,0.3657362440,0.1272407715,0.2225986736,0.2844243109
38.4000000000,0.3617565740,0.1270603853,0.2236495673,0.2875334733
38.5000000000,0.3578032947,0.1268607956,0.2246792659,0.2906566437
38.6000000000,0.3538769025,0.1266421474,0.2256874369,0.2937935132
38.7000000000,0.3499778776,0.1264045969,0.2266737573,0.2969437682
38.8000000000,0.3461066830,0.1261483120,0.2276379143,0.3001070906
38.9000000000,0.3422637655,0.1258734711,0.2285796052,0.3032831582
39.0000000000,0.3384495543,0.1255802637,0.2294985375,0.3064716444
39.1000000000,0.3346644620,0.1252688896,0.2303944296,0.3096722188
39.2000000000,0.3309088838,0.1249395589,0.2312670104,0.3128845469
39.3000000000,0.3271831979,0.1245924915,0.2321160198,0.3161082908
39.4000000000,0.3234877651,0.1242279171,0.2329412091,0.3193431087
39.5000000000,0.3198229290,0.1238460746,0.2337423406,0.3225886558
39.6000000000,0.3161890159,0.1234472122,0.2345191880,0.3258445838
39.7000000000,0.3125863350,0.1230315866,0.2352715369,0.3291105415
39.8000000000,0.3090151782,0.1225994629,0.2359991842,0.3323861747
39.9000000000,0.3054758202,0.1221511144,0.2367019389,0.3356711265
40.0000000000,0.3019685187,0.1216868221,0.2373796216,0.3389650376
40.1000000000,0.2984935146,0.1212068742,0.2380320650,0.3422675462
40.2000000000,0.2950510317,0.1207115661,0.2386591140,0.3455782882
40.3000000000,0.2916412771,0.1202012000,0.2392606253,0.3488968977
40.4000000000,0.2882644414,0.1196760840,0.2398364678,0.3522230068
40.5000000000,0.2849206988,0.1191365326,0.2403865228,0.3555562458
40.6000000000,0.2816102071,0.1185828656,0.2409106834,0.3588962439
40.7000000000,0.2783331081,0.1180154082,0.2414088553,0.3622426284
40.8000000000,0.2750895279,0.1174344902,0.2418809560,0.3655950259
40.9000000000,0.2718795765,0.1168404461,0.2423269155,0.3689530618
41.0000000000,0.2687033491,0.1162336145,0.2427466757,0.3723163608
41.1000000000,0.2655609251,0.1156143376,0.2431401905,0.3756845467
41.2000000000,0.2624523693,0.1149829611,0.2435074263,0.3790572432
41.3000000000,0.2593777319,0.1143398337,0.2438483609,0.3824340735
41.4000000000,0.2563370483,0.1136853065,0.2441629845,0.3858146607
41.5000000000,0.2533303401,0.1130197333,0.2444512987,0.3891986279
41.6000000000,0.2503576150,0.1123434695,0.2447133170,0.3925855985
41.7000000000,0.2474188671,0.1116568721,0.2449490645,0.3959751962
41.8000000000,0.2445140772,0.1109602996,0.2451585779,0.3993670454
41.9000000000,0.2416432132,0.1102541110,0.2453419049,0.4027607709
42.0000000000,0.2388062304,0.1095386661,0.2454991048,0.4061559987
42.1000000000,0.2360030718,0.1088143248,0.2456302478,0.4095523556
42.2000000000,0.2332336684,0.1080814470,0.2457354149,0.4129494697
42.3000000000,0.2304979395,0.1073403919,0.2458146981,0.4163469705
42.4000000000,0.2277957931,0.1065915184,0.2458681998,0.4197444887
42.5000000000,0.2251271262,0.1058351838,0.2458960330,0.4231416570
42.6000000000,0.2224918252,0.1050717446,0.2458983205,0.4265381097
42.7000000000,0.2198897661,0.1043015554,0.2458751957,0.4299334829
42.8000000000,0.2173208150,0.1035249688,0.2458268012,0.4333274150
42.9000000000,0.2147848282,0.1027423353,0.2457532898,0.4367195467
43.0000000000,0.2122816530,0.1019540031,0.2456548232,0.4401095206
43.1000000000,0.2098111275,0.1011603176,0.2455315726,0.4434969822
43.2000000000,0.2073730813,0.1003616212,0.2453837181,0.4468815794
43.3000000000,0.2049673355,0.0995582532,0.2452114484,0.4502629630
43.4000000000,0.2025937035,0.0987505494,0.2450149608,0.4536407864
43.5000000000,0.2002519909,0.0979388422,0.2447944608,0.4570147061
43.6000000000,0.1979419963,0.0971234599,0.2445501619,0.4603843819
43.7000000000,0.1956635110,0.0963047270,0.2442822857,0.4637494764
43.8000000000,0.1934163198,0.0954829637,0.2439910607,0.4671096557
43.9000000000,0.1912002013,0.0946584859,0.2436767233,0.4704645894
44.0000000000,0.1890149280,0.0938316049,0.2433395166,0.4738139506
44.1000000000,0.1868602666,0.0930026271,0.2429796904,0.4771574158
44.2000000000,0.1847359787,0.0921718544,0.2425975014,0.4804946654
44.3000000000,0.1826418207,0.0913395836,0.2421932122,0.4838253836
44.4000000000,0.1805775441,0.0905061061,0.2417670915,0.4871492583
44.5000000000,0.1785428960,0.0896717085,0.2413194138,0.4904659817
44.6000000000,0.1765376195,0.0888366717,0.2408504592,0.4937752496
44.7000000000,0.1745614535,0.0880012713,0.2403605128,0.4970767623
44.8000000000,0.1726141335,0.0871657774,0.2398498649,0.5003702242
44.9000000000,0.1706953915,0.0863304543,0.2393188104,0.5036553437
45.0000000000,0.1688049564,0.0854955609,0.2387676488,0.5069318340
45.1000000000,0.1669425543,0.0846613499,0.2381966836,0.5101994122
45.2000000000,0.1651079089,0.0838280685,0.2376062224,0.5134578002
45.3000000000,0.1633007411,0.0829959581,0.2369965766,0.5167067242
45.4000000000,0.1615207702,0.0821652538,0.2363680610,0.5199459150
45.5000000000,0.1597677133,0.0813361851,0.2357209936,0.5231751081
45.6000000000,0.1580412860,0.0805089753,0.2350556953,0.5263940434
45.7000000000,0.1563412025,0.0796838420,0.2343724899,0.5296024657
45.8000000000,0.1546671756,0.0788609963,0.2336717037,0.5328001244
45.9000000000,0.1530189173,0.0780406439,0.2329536651,0.5359867736
46.0000000000,0.1513961388,0.0772229840,0.2322187048,0.5391621724
46.1000000000,0.1497985506,0.0764082099,0.2314671550,0.5423260845
46.2000000000,0.1482258627,0.0755965092,0.2306993497,0.5454782784
46.3000000000,0.1466777850,0.0747880632,0.2299156243,0.5486185276
46.4000000000,0.1451540274,0.0739830473,0.2291163151,0.5517466102
46.5000000000,0.1436542997,0.0731816311,0.2283017596,0.5548623096
46.6000000000,0.1421783120,0.0723839784,0.2274722959,0.5579654137
46.7000000000,0.1407257750,0.0715902469,0.2266282626,0.5610557154
46.8000000000,0.1392963999,0.0708005888,0.2257699988,0.5641330125
46.9000000000,0.1378898983,0.0700151503,0.2248978435,0.5671971079
47.0000000000,0.1365059831,0.0692340721,0.2240121358,0.5702478090
47.1000000000,0.1351443679,0.0684574893,0.2231132145,0.5732849284
47.2000000000,0.1338047675,0.0676855312,0.2222014179,0.5763082834
47.3000000000,0.1324868979,0.0669183218,0.2212770837,0.5793176965
47.4000000000,0.1311904764,0.0661559798,0.2203405491,0.5823129947
47.5000000000,0.1299152219,0.0653986182,0.2193921500,0.5852940100
47.6000000000,0.1286608545,0.0646463450,0.2184322213,0.5882605792
47.7000000000,0.1274270964,0.0638992629,0.2174610967,0.5912125440
47.8000000000,0.1262136712,0.0631574694,0.2164791084,0.5941497509
47.9000000000,0.1250203044,0.0624210572,0.2154865872,0.5970720511
48.0000000000,0.1238467236,0.0616901139,0.2144838620,0.5999793006
48.1000000000,0.1226926580,0.0609647221,0.2134712598,0.6028713600
48.2000000000,0.1215578393,0.0602449599,0.2124491060,0.6057480949
48.3000000000,0.1204420009,0.0595309005,0.2114177234,0.6086093752
48.4000000000,0.1193448788,0.0588226127,0.2103774328,0.6114550757
48.5000000000,0.1182662109,0.0581201606,0.2093285528,0.6142850756
48.6000000000,0.1172057377,0.0574236040,0.2082713993,0.6170992590
48.7000000000,0.1161632019,0.0567329984,0.2072062857,0.6198975140
48.8000000000,0.1151383485,0.0560483951,0.2061335227,0.6226797337
48.9000000000,0.1141309252,0.0553698411,0.2050534183,0.6254458154
49.0000000000,0.1131406820,0.0546973797,0.2039662776,0.6281956608
49.1000000000,0.1121673716,0.0540310499,0.2028724026,0.6309291759
49.2000000000,0.1112107490,0.0533708873,0.2017720924,0.6336462714
49.3000000000,0.1102705721,0.0527169233,0.2006656429,0.6363468617
49.4000000000,0.1093466013,0.0520691860,0.1995533469,0.6390308659
49.5000000000,0.1084385994,0.0514276998,0.1984354937,0.6416982071
49.6000000000,0.1075463324,0.0507924858,0.1973123694,0.6443488124
49.7000000000,0.1066695684,0.0501635616,0.1961842568,0.6469826133
49.8000000000,0.1058080785,0.0495409416,0.1950514349,0.6495995450
49.9000000000,0.1049616366,0.0489246371,0.1939141794,0.6521995469
50.0000000000,0.1041300191,0.0483146563,0.1927727623,0.6547825622
50.1000000000,0.1033130053,0.0477110045,0.1916274521,0.6573485382
50.2000000000,0.1025103771,0.0471136838,0.1904785135,0.6598974256
50.3000000000,0.1017219192,0.0465226940,0.1893262075,0.6624291793
50.4000000000,0.1009474191,0.0459380319,0.1881707913,0.6649437577
50.5000000000,0.1001866669,0.0453596918,0.1870125185,0.6674411228
50.6000000000,0.0994394556,0.0447876654,0.1858516385,0.6699212405
50.7000000000,0.0987055808,0.0442219421,0.1846883973,0.6723840799
50.8000000000,0.0979848409,0.0436625088,0.1835230366,0.6748296137
50.9000000000,0.0972770370,0.0431093503,0.1823557945,0.6772578182
51.0000000000,0.0965819730,0.0425624491,0.1811869051,0.6796686728
51.1000000000,0.0958994553,0.0420217857,0.1800165985,0.6820621605
51.2000000000,0.0952292932,0.0414873386,0.1788451008,0.6844382674
51.3000000000,0.0945712984,0.0409590842,0.1776726345,0.6867969829
51.4000000000,0.0939252857,0.0404369974,0.1764994176,0.6891382993
51.5000000000,0.0932910721,0.0399210509,0.1753256645,0.6914622124
51.6000000000,0.0926684776,0.0394112160,0.1741515857,0.6937687207
51.7000000000,0.0920573244,0.0389074623,0.1729773875,0.6960578258
51.8000000000,0.0914574377,0.0384097579,0.1718032723,0.6983295322
51.9000000000,0.0908686450,0.0379180691,0.1706294386,0.7005838473
52.0000000000,0.0902907765,0.0374323613,0.1694560809,0.7028207813
52.1000000000,0.0897236648,0.0369525982,0.1682833899,0.7050403471
52.2000000000,0.0891671452,0.0364787423,0.1671115522,0.7072425603
52.3000000000,0.0886210553,0.0360107550,0.1659407506,0.7094274392
52.4000000000,0.0880852352,0.0355485963,0.1647711639,0.7115950046
52.5000000000,0.0875595276,0.0350922254,0.1636029671,0.7137452799
52.6000000000,0.0870437774,0.0346416003,0.1624363315,0.7158782908
52.7000000000,0.0865378320,0.0341966781,0.1612714242,0.7179940657
52.8000000000,0.0860415412,0.0337574150,0.1601084089,0.7200926350
52.9000000000,0.0855547570,0.0333237662,0.1589474452,0.7221740317
53.0000000000,0.0850773338,0.0328956863,0.1577886891,0.7242382908
53.1000000000,0.0846091284,0.0324731290,0.1566322928,0.7262854498
53.2000000000,0.0841499996,0.0320560474,0.1554784049,0.7283155481
53.3000000000,0.0836998087,0.0316443940,0.1543271702,0.7303286271
53.4000000000,0.0832584190,0.0312381205,0.1531787299,0.7323247306
53.5000000000,0.0828256962,0.0308371782,0.1520332217,0.7343039040
53.6000000000,0.0824015079,0.0304415178,0.1508907795,0.7362661948
53.7000000000,0.0819857239,0.0300510898,0.1497515340,0.7382116523
53.8000000000,0.0815782163,0.0296658439,0.1486156120,0.7401403278
53.9000000000,0.0811788589,0.0292857296,0.1474831372,0.7420522743
54.0000000000,0.0807875280,0.0289106962,0.1463542295,0.7439475463
54.1000000000,0.0804041015,0.0285406924,0.1452290058,0.7458262003
54.2000000000,0.0800284595,0.0281756670,0.1441075794,0.7476882942
54.3000000000,0.0796604839,0.0278155682,0.1429900603,0.7495338876
54.4000000000,0.0793000589,0.0274603442,0.1418765554,0.7513630416
54.5000000000,0.0789470701,0.0271099431,0.1407671681,0.7531758188
54.6000000000,0.0786014053,0.0267643128,0.1396619988,0.7549722832
54.7000000000,0.0782629541,0.0264234011,0.1385611446,0.7567525002
54.8000000000,0.0779316078,0.0260871558,0.1374646998,0.7585165366
54.9000000000,0.0776072597,0.0257555245,0.1363727553,0.7602644604
55.0000000000,0.0772898048,0.0254284550,0.1352853992,0.7619963411
55.1000000000,0.0769791396,0.0251058949,0.1342027164,0.7637122490
55.2000000000,0.0766751627,0.0247877922,0.1331247891,0.7654122560
55.3000000000,0.0763777741,0.0244740946,0.1320516964,0.7670964349
55.4000000000,0.0760868756,0.0241647500,0.1309835147,0.7687648596
55.5000000000,0.0758023705,0.0238597066,0.1299203177,0.7704176052
55.6000000000,0.0755241640,0.0235589125,0.1288621759,0.7720547476
55.7000000000,0.0752521626,0.0232623161,0.1278091576,0.7736763638
55.8000000000,0.0749862744,0.0229698658,0.1267613281,0.7752825317
55.9000000000,0.0747264091,0.0226815106,0.1257187503,0.7768733301
56.0000000000,0.0744724779,0.0223971992,0.1246814842,0.7784488386
56.1000000000,0.0742243936,0.0221168810,0.1236495875,0.7800091378
56.2000000000,0.0739820703,0.0218405053,0.1226231155,0.7815543089
56.3000000000,0.0737454235,0.0215680218,0.1216021208,0.7830844340
56.4000000000,0.0735143702,0.0212993805,0.1205866537,0.7845995956
56.5000000000,0.0732888289,0.0210345317,0.1195767621,0.7860998772
56.6000000000,0.0730687193,0.0207734261,0.1185724917,0.7875853630
56.7000000000,0.0728539624,0.0205160144,0.1175738858,0.7890561374
56.8000000000,0.0726444808,0.0202622479,0.1165809855,0.7905122858
56.9000000000,0.0724401981,0.0200120783,0.1155938296,0.7919538940
57.0000000000,0.0722410394,0.0197654574,0.1146124551,0.7933810482
57.1000000000,0.0720469308,0.0195223376,0.1136368964,0.7947938352
57.2000000000,0.0718577999,0.0192826715,0.1126671863,0.7961923423
57.3000000000,0.0716735754,0.0190464122,0.1117033552,0.7975766572
57.4000000000,0.0714941871,0.0188135131,0.1107454319,0.7989468679
57.5000000000,0.0713195662,0.0185839281,0.1097934428,0.8003030628
57.6000000000,0.0711496449,0.0183576115,0.1088474128,0.8016453308
57.7000000000,0.0709843564,0.0181345178,0.1079073648,0.8029737609
57.8000000000,0.0708236354,0.0179146022,0.1069733198,0.8042884426
57.9000000000,0.0706674172,0.0176978202,0.1060452972,0.8055894654
58.0000000000,0.0705156386,0.0174841276,0.1051233145,0.8068769194
58.1000000000,0.0703682372,0.0172734809,0.1042073874,0.8081508944
58.2000000000,0.0702251517,0.0170658369,0.1032975304,0.8094114810
58.3000000000,0.0700863219,0.0168611528,0.1023937558,0.8106587695
58.4000000000,0.0699516885,0.0166593862,0.1014960747,0.8118928505
58.5000000000,0.0698211933,0.0164604953,0.1006044966,0.8131138148
58.6000000000,0.0696947788,0.0162644387,0.0997190293,0.8143217532
58.7000000000,0.0695723888,0.0160711754,0.0988396793,0.8155167565
58.8000000000,0.0694539677,0.0158806648,0.0979664516,0.8166989158
58.9000000000,0.0693394611,0.0156928670,0.0970993498,0.8178683221
59.0000000000,0.0692288154,0.0155077422,0.0962383761,0.8190250663
59.1000000000,0.0691219777,0.0153252514,0.0953835315,0.8201692395
59.2000000000,0.0690188962,0.0151453558,0.0945348154,0.8213009326
59.3000000000,0.0689195198,0.0149680172,0.0936922264,0.8224202366
59.4000000000,0.0688237985,0.0147931978,0.0928557613,0.8235272424
59.5000000000,0.0687316827,0.0146208603,0.0920254162,0.8246220408
59.6000000000,0.0686431239,0.0144509678,0.0912011858,0.8257047225
59.7000000000,0.0685580744,0.0142834838,0.0903830636,0.8267753782
59.8000000000,0.0684764871,0.0141183725,0.0895710421,0.8278340983
59.9000000000,0.0683983158,0.0139555982,0.0887651127,0.8288809732
60.0000000000,0.0683235150,0.0137951261,0.0879652658,0.8299160931
60.1000000000,0.0682520400,0.0136369213,0.0871714908,0.8309395479
60.2000000000,0.0681838466,0.0134809499,0.0863837759,0.8319514277
60.3000000000,0.0681188916,0.0133271780,0.0856021085,0.8329518219
60.4000000000,0.0680571324,0.0131755724,0.0848264752,0.8339408200
60.5000000000,0.0679985269,0.0130261003,0.0840568615,0.8349185113
60.6000000000,0.0679430340,0.0128787293,0.0832932520,0.8358849846
